0.125 0.125 0.125 0.125 0.125 0.125 0.125 0.125 0.125 0.125 0.125 0.125 0.125 0.125 0.125 0.125 0.125 0.125 0.125 0.125 0.125 0.125 0.125 0.125 0.125 0.125 0.125 0.125 0.125 0.125 0.125 0.125 0.125 0.125 0.125 0.125 0.125 0.125 0.125 0.125 0.125 0.125 0.125 0.125 0.125 0.125 0.125 0.125 0.125 0.125 0.125 0.125 0.125 0.125 0.125 0.125 0.125 0.125 0.125 0.125 0.125 0.125 0.125 0.125
0.17338 0.14698 0.098212 0.034487 -0.034487 -0.098212 -0.14698 -0.17338 0.17338 0.14698 0.098212 0.034487 -0.034487 -0.098212 -0.14698 -0.17338 0.17338 0.14698 0.098212 0.034487 -0.034487 -0.098212 -0.14698 -0.17338 0.17338 0.14698 0.098212 0.034487 -0.034487 -0.098212 -0.14698 -0.17338 0.17338 0.14698 0.098212 0.034487 -0.034487 -0.098212 -0.14698 -0.17338 0.17338 0.14698 0.098212 0.034487 -0.034487 -0.098212 -0.14698 -0.17338 0.17338 0.14698 0.098212 0.034487 -0.034487 -0.098212 -0.14698 -0.17338 0.17338 0.14698 0.098212 0.034487 -0.034487 -0.098212 -0.14698 -0.17338
0.16332 0.06765 -0.06765 -0.16332 -0.16332 -0.06765 0.06765 0.16332 0.16332 0.06765 -0.06765 -0.16332 -0.16332 -0.06765 0.06765 0.16332 0.16332 0.06765 -0.06765 -0.16332 -0.16332 -0.06765 0.06765 0.16332 0.16332 0.06765 -0.06765 -0.16332 -0.16332 -0.06765 0.06765 0.16332 0.16332 0.06765 -0.06765 -0.16332 -0.16332 -0.06765 0.06765 0.16332 0.16332 0.06765 -0.06765 -0.16332 -0.16332 -0.06765 0.06765 0.16332 0.16332 0.06765 -0.06765 -0.16332 -0.16332 -0.06765 0.06765 0.16332 0.16332 0.06765 -0.06765 -0.16332 -0.16332 -0.06765 0.06765 0.16332
0.14698 -0.034487 -0.17338 -0.098212 0.098212 0.17338 0.034487 -0.14698 0.14698 -0.034487 -0.17338 -0.098212 0.098212 0.17338 0.034487 -0.14698 0.14698 -0.034487 -0.17338 -0.098212 0.098212 0.17338 0.034487 -0.14698 0.14698 -0.034487 -0.17338 -0.098212 0.098212 0.17338 0.034487 -0.14698 0.14698 -0.034487 -0.17338 -0.098212 0.098212 0.17338 0.034487 -0.14698 0.14698 -0.034487 -0.17338 -0.098212 0.098212 0.17338 0.034487 -0.14698 0.14698 -0.034487 -0.17338 -0.098212 0.098212 0.17338 0.034487 -0.14698 0.14698 -0.034487 -0.17338 -0.098212 0.098212 0.17338 0.034487 -0.14698
0.125 -0.125 -0.125 0.125 0.125 -0.125 -0.125 0.125 0.125 -0.125 -0.125 0.125 0.125 -0.125 -0.125 0.125 0.125 -0.125 -0.125 0.125 0.125 -0.125 -0.125 0.125 0.125 -0.125 -0.125 0.125 0.125 -0.125 -0.125 0.125 0.125 -0.125 -0.125 0.125 0.125 -0.125 -0.125 0.125 0.125 -0.125 -0.125 0.125 0.125 -0.125 -0.125 0.125 0.125 -0.125 -0.125 0.125 0.125 -0.125 -0.125 0.125 0.125 -0.125 -0.125 0.125 0.125 -0.125 -0.125 0.125
0.098212 -0.17338 0.034487 0.14698 -0.14698 -0.034487 0.17338 -0.098212 0.098212 -0.17338 0.034487 0.14698 -0.14698 -0.034487 0.17338 -0.098212 0.098212 -0.17338 0.034487 0.14698 -0.14698 -0.034487 0.17338 -0.098212 0.098212 -0.17338 0.034487 0.14698 -0.14698 -0.034487 0.17338 -0.098212 0.098212 -0.17338 0.034487 0.14698 -0.14698 -0.034487 0.17338 -0.098212 0.098212 -0.17338 0.034487 0.14698 -0.14698 -0.034487 0.17338 -0.098212 0.098212 -0.17338 0.034487 0.14698 -0.14698 -0.034487 0.17338 -0.098212 0.098212 -0.17338 0.034487 0.14698 -0.14698 -0.034487 0.17338 -0.098212
0.06765 -0.16332 0.16332 -0.06765 -0.06765 0.16332 -0.16332 0.06765 0.06765 -0.16332 0.16332 -0.06765 -0.06765 0.16332 -0.16332 0.06765 0.06765 -0.16332 0.16332 -0.06765 -0.06765 0.16332 -0.16332 0.06765 0.06765 -0.16332 0.16332 -0.06765 -0.06765 0.16332 -0.16332 0.06765 0.06765 -0.16332 0.16332 -0.06765 -0.06765 0.16332 -0.16332 0.06765 0.06765 -0.16332 0.16332 -0.06765 -0.06765 0.16332 -0.16332 0.06765 0.06765 -0.16332 0.16332 -0.06765 -0.06765 0.16332 -0.16332 0.06765 0.06765 -0.16332 0.16332 -0.06765 -0.06765 0.16332 -0.16332 0.06765
0.034487 -0.098212 0.14698 -0.17338 0.17338 -0.14698 0.098212 -0.034487 0.034487 -0.098212 0.14698 -0.17338 0.17338 -0.14698 0.098212 -0.034487 0.034487 -0.098212 0.14698 -0.17338 0.17338 -0.14698 0.098212 -0.034487 0.034487 -0.098212 0.14698 -0.17338 0.17338 -0.14698 0.098212 -0.034487 0.034487 -0.098212 0.14698 -0.17338 0.17338 -0.14698 0.098212 -0.034487 0.034487 -0.098212 0.14698 -0.17338 0.17338 -0.14698 0.098212 -0.034487 0.034487 -0.098212 0.14698 -0.17338 0.17338 -0.14698 0.098212 -0.034487 0.034487 -0.098212 0.14698 -0.17338 0.17338 -0.14698 0.098212 -0.034487
0.17338 0.17338 0.17338 0.17338 0.17338 0.17338 0.17338 0.17338 0.14698 0.14698 0.14698 0.14698 0.14698 0.14698 0.14698 0.14698 0.098212 0.098212 0.098212 0.098212 0.098212 0.098212 0.098212 0.098212 0.034487 0.034487 0.034487 0.034487 0.034487 0.034487 0.034487 0.034487 -0.034487 -0.034487 -0.034487 -0.034487 -0.034487 -0.034487 -0.034487 -0.034487 -0.098212 -0.098212 -0.098212 -0.098212 -0.098212 -0.098212 -0.098212 -0.098212 -0.14698 -0.14698 -0.14698 -0.14698 -0.14698 -0.14698 -0.14698 -0.14698 -0.17338 -0.17338 -0.17338 -0.17338 -0.17338 -0.17338 -0.17338 -0.17338
0.24048 0.20387 0.13622 0.047835 -0.047835 -0.13622 -0.20387 -0.24048 0.20387 0.17284 0.11548 0.040553 -0.040553 -0.11548 -0.17284 -0.20387 0.13622 0.11548 0.077165 0.027097 -0.027097 -0.077165 -0.11548 -0.13622 0.047835 0.040553 0.027097 0.0095151 -0.0095151 -0.027097 -0.040553 -0.047835 -0.047835 -0.040553 -0.027097 -0.0095151 0.0095151 0.027097 0.040553 0.047835 -0.13622 -0.11548 -0.077165 -0.027097 0.027097 0.077165 0.11548 0.13622 -0.20387 -0.17284 -0.11548 -0.040553 0.040553 0.11548 0.17284 0.20387 -0.24048 -0.20387 -0.13622 -0.047835 0.047835 0.13622 0.20387 0.24048
0.22653 0.093833 -0.093833 -0.22653 -0.22653 -0.093833 0.093833 0.22653 0.19204 0.079547 -0.079547 -0.19204 -0.19204 -0.079547 0.079547 0.19204 0.12832 0.053152 -0.053152 -0.12832 -0.12832 -0.053152 0.053152 0.12832 0.04506 0.018664 -0.018664 -0.04506 -0.04506 -0.018664 0.018664 0.04506 -0.04506 -0.018664 0.018664 0.04506 0.04506 0.018664 -0.018664 -0.04506 -0.12832 -0.053152 0.053152 0.12832 0.12832 0.053152 -0.053152 -0.12832 -0.19204 -0.079547 0.079547 0.19204 0.19204 0.079547 -0.079547 -0.19204 -0.22653 -0.093833 0.093833 0.22653 0.22653 0.093833 -0.093833 -0.22653
0.20387 -0.047835 -0.24048 -0.13622 0.13622 0.24048 0.047835 -0.20387 0.17284 -0.040553 -0.20387 -0.11548 0.11548 0.20387 0.040553 -0.17284 0.11548 -0.027097 -0.13622 -0.077165 0.077165 0.13622 0.027097 -0.11548 0.040553 -0.0095151 -0.047835 -0.027097 0.027097 0.047835 0.0095151 -0.040553 -0.040553 0.0095151 0.047835 0.027097 -0.027097 -0.047835 -0.0095151 0.040553 -0.11548 0.027097 0.13622 0.077165 -0.077165 -0.13622 -0.027097 0.11548 -0.17284 0.040553 0.20387 0.11548 -0.11548 -0.20387 -0.040553 0.17284 -0.20387 0.047835 0.24048 0.13622 -0.13622 -0.24048 -0.047835 0.20387
0.17338 -0.17338 -0.17338 0.17338 0.17338 -0.17338 -0.17338 0.17338 0.14698 -0.14698 -0.14698 0.14698 0.14698 -0.14698 -0.14698 0.14698 0.098212 -0.098212 -0.098212 0.098212 0.098212 -0.098212 -0.098212 0.098212 0.034487 -0.034487 -0.034487 0.034487 0.034487 -0.034487 -0.034487 0.034487 -0.034487 0.034487 0.034487 -0.034487 -0.034487 0.034487 0.034487 -0.034487 -0.098212 0.098212 0.098212 -0.098212 -0.098212 0.098212 0.098212 -0.098212 -0.14698 0.14698 0.14698 -0.14698 -0.14698 0.14698 0.14698 -0.14698 -0.17338 0.17338 0.17338 -0.17338 -0.17338 0.17338 0.17338 -0.17338
0.13622 -0.24048 0.047835 0.20387 -0.20387 -0.047835 0.24048 -0.13622 0.11548 -0.20387 0.040553 0.17284 -0.17284 -0.040553 0.20387 -0.11548 0.077165 -0.13622 0.027097 0.11548 -0.11548 -0.027097 0.13622 -0.077165 0.027097 -0.047835 0.0095151 0.040553 -0.040553 -0.0095151 0.047835 -0.027097 -0.027097 0.047835 -0.0095151 -0.040553 0.040553 0.0095151 -0.047835 0.027097 -0.077165 0.13622 -0.027097 -0.11548 0.11548 0.027097 -0.13622 0.077165 -0.11548 0.20387 -0.040553 -0.17284 0.17284 0.040553 -0.20387 0.11548 -0.13622 0.24048 -0.047835 -0.20387 0.20387 0.047835 -0.24048 0.13622
0.093833 -0.22653 0.22653 -0.093833 -0.093833 0.22653 -0.22653 0.093833 0.079547 -0.19204 0.19204 -0.079547 -0.079547 0.19204 -0.19204 0.079547 0.053152 -0.12832 0.12832 -0.053152 -0.053152 0.12832 -0.12832 0.053152 0.018664 -0.04506 0.04506 -0.018664 -0.018664 0.04506 -0.04506 0.018664 -0.018664 0.04506 -0.04506 0.018664 0.018664 -0.04506 0.04506 -0.018664 -0.053152 0.12832 -0.12832 0.053152 0.053152 -0.12832 0.12832 -0.053152 -0.079547 0.19204 -0.19204 0.079547 0.079547 -0.19204 0.19204 -0.079547 -0.093833 0.22653 -0.22653 0.093833 0.093833 -0.22653 0.22653 -0.093833
0.047835 -0.13622 0.20387 -0.24048 0.24048 -0.20387 0.13622 -0.047835 0.040553 -0.11548 0.17284 -0.20387 0.20387 -0.17284 0.11548 -0.040553 0.027097 -0.077165 0.11548 -0.13622 0.13622 -0.11548 0.077165 -0.027097 0.0095151 -0.027097 0.040553 -0.047835 0.047835 -0.040553 0.027097 -0.0095151 -0.0095151 0.027097 -0.040553 0.047835 -0.047835 0.040553 -0.027097 0.0095151 -0.027097 0.077165 -0.11548 0.13622 -0.13622 0.11548 -0.077165 0.027097 -0.040553 0.11548 -0.17284 0.20387 -0.20387 0.17284 -0.11548 0.040553 -0.047835 0.13622 -0.20387 0.24048 -0.24048 0.20387 -0.13622 0.047835
0.16332 0.16332 0.16332 0.16332 0.16332 0.16332 0.16332 0.16332 0.06765 0.06765 0.06765 0.06765 0.06765 0.06765 0.06765 0.06765 -0.06765 -0.06765 -0.06765 -0.06765 -0.06765 -0.06765 -0.06765 -0.06765 -0.16332 -0.16332 -0.16332 -0.16332 -0.16332 -0.16332 -0.16332 -0.16332 -0.16332 -0.16332 -0.16332 -0.16332 -0.16332 -0.16332 -0.16332 -0.16332 -0.06765 -0.06765 -0.06765 -0.06765 -0.06765 -0.06765 -0.06765 -0.06765 0.06765 0.06765 0.06765 0.06765 0.06765 0.06765 0.06765 0.06765 0.16332 0.16332 0.16332 0.16332 0.16332 0.16332 0.16332 0.16332
0.22653 0.19204 0.12832 0.04506 -0.04506 -0.12832 -0.19204 -0.22653 0.093833 0.079547 0.053152 0.018664 -0.018664 -0.053152 -0.079547 -0.093833 -0.093833 -0.079547 -0.053152 -0.018664 0.018664 0.053152 0.079547 0.093833 -0.22653 -0.19204 -0.12832 -0.04506 0.04506 0.12832 0.19204 0.22653 -0.22653 -0.19204 -0.12832 -0.04506 0.04506 0.12832 0.19204 0.22653 -0.093833 -0.079547 -0.053152 -0.018664 0.018664 0.053152 0.079547 0.093833 0.093833 0.079547 0.053152 0.018664 -0.018664 -0.053152 -0.079547 -0.093833 0.22653 0.19204 0.12832 0.04506 -0.04506 -0.12832 -0.19204 -0.22653
0.21339 0.088388 -0.088388 -0.21339 -0.21339 -0.088388 0.088388 0.21339 0.088388 0.036612 -0.036612 -0.088388 -0.088388 -0.036612 0.036612 0.088388 -0.088388 -0.036612 0.036612 0.088388 0.088388 0.036612 -0.036612 -0.088388 -0.21339 -0.088388 0.088388 0.21339 0.21339 0.088388 -0.088388 -0.21339 -0.21339 -0.088388 0.088388 0.21339 0.21339 0.088388 -0.088388 -0.21339 -0.088388 -0.036612 0.036612 0.088388 0.088388 0.036612 -0.036612 -0.088388 0.088388 0.036612 -0.036612 -0.088388 -0.088388 -0.036612 0.036612 0.088388 0.21339 0.088388 -0.088388 -0.21339 -0.21339 -0.088388 0.088388 0.21339
0.19204 -0.04506 -0.22653 -0.12832 0.12832 0.22653 0.04506 -0.19204 0.079547 -0.018664 -0.093833 -0.053152 0.053152 0.093833 0.018664 -0.079547 -0.079547 0.018664 0.093833 0.053152 -0.053152 -0.093833 -0.018664 0.079547 -0.19204 0.04506 0.22653 0.12832 -0.12832 -0.22653 -0.04506 0.19204 -0.19204 0.04506 0.22653 0.12832 -0.12832 -0.22653 -0.04506 0.19204 -0.079547 0.018664 0.093833 0.053152 -0.053152 -0.093833 -0.018664 0.079547 0.079547 -0.018664 -0.093833 -0.053152 0.053152 0.093833 0.018664 -0.079547 0.19204 -0.04506 -0.22653 -0.12832 0.12832 0.22653 0.04506 -0.19204
0.16332 -0.16332 -0.16332 0.16332 0.16332 -0.16332 -0.16332 0.16332 0.06765 -0.06765 -0.06765 0.06765 0.06765 -0.06765 -0.06765 0.06765 -0.06765 0.06765 0.06765 -0.06765 -0.06765 0.06765 0.06765 -0.06765 -0.16332 0.16332 0.16332 -0.16332 -0.16332 0.16332 0.16332 -0.16332 -0.16332 0.16332 0.16332 -0.16332 -0.16332 0.16332 0.16332 -0.16332 -0.06765 0.06765 0.06765 -0.06765 -0.06765 0.06765 0.06765 -0.06765 0.06765 -0.06765 -0.06765 0.06765 0.06765 -0.06765 -0.06765 0.06765 0.16332 -0.16332 -0.16332 0.16332 0.16332 -0.16332 -0.16332 0.16332
0.12832 -0.22653 0.04506 0.19204 -0.19204 -0.04506 0.22653 -0.12832 0.053152 -0.093833 0.018664 0.079547 -0.079547 -0.018664 0.093833 -0.053152 -0.053152 0.093833 -0.018664 -0.079547 0.079547 0.018664 -0.093833 0.053152 -0.12832 0.22653 -0.04506 -0.19204 0.19204 0.04506 -0.22653 0.12832 -0.12832 0.22653 -0.04506 -0.19204 0.19204 0.04506 -0.22653 0.12832 -0.053152 0.093833 -0.018664 -0.079547 0.079547 0.018664 -0.093833 0.053152 0.053152 -0.093833 0.018664 0.079547 -0.079547 -0.018664 0.093833 -0.053152 0.12832 -0.22653 0.04506 0.19204 -0.19204 -0.04506 0.22653 -0.12832
0.088388 -0.21339 0.21339 -0.088388 -0.088388 0.21339 -0.21339 0.088388 0.036612 -0.088388 0.088388 -0.036612 -0.036612 0.088388 -0.088388 0.036612 -0.036612 0.088388 -0.088388 0.036612 0.036612 -0.088388 0.088388 -0.036612 -0.088388 0.21339 -0.21339 0.088388 0.088388 -0.21339 0.21339 -0.088388 -0.088388 0.21339 -0.21339 0.088388 0.088388 -0.21339 0.21339 -0.088388 -0.036612 0.088388 -0.088388 0.036612 0.036612 -0.088388 0.088388 -0.036612 0.036612 -0.088388 0.088388 -0.036612 -0.036612 0.088388 -0.088388 0.036612 0.088388 -0.21339 0.21339 -0.088388 -0.088388 0.21339 -0.21339 0.088388
0.04506 -0.12832 0.19204 -0.22653 0.22653 -0.19204 0.12832 -0.04506 0.018664 -0.053152 0.079547 -0.093833 0.093833 -0.079547 0.053152 -0.018664 -0.018664 0.053152 -0.079547 0.093833 -0.093833 0.079547 -0.053152 0.018664 -0.04506 0.12832 -0.19204 0.22653 -0.22653 0.19204 -0.12832 0.04506 -0.04506 0.12832 -0.19204 0.22653 -0.22653 0.19204 -0.12832 0.04506 -0.018664 0.053152 -0.079547 0.093833 -0.093833 0.079547 -0.053152 0.018664 0.018664 -0.053152 0.079547 -0.093833 0.093833 -0.079547 0.053152 -0.018664 0.04506 -0.12832 0.19204 -0.22653 0.22653 -0.19204 0.12832 -0.04506
0.14698 0.14698 0.14698 0.14698 0.14698 0.14698 0.14698 0.14698 -0.034487 -0.034487 -0.034487 -0.034487 -0.034487 -0.034487 -0.034487 -0.034487 -0.17338 -0.17338 -0.17338 -0.17338 -0.17338 -0.17338 -0.17338 -0.17338 -0.098212 -0.098212 -0.098212 -0.098212 -0.098212 -0.098212 -0.098212 -0.098212 0.098212 0.098212 0.098212 0.098212 0.098212 0.098212 0.098212 0.098212 0.17338 0.17338 0.17338 0.17338 0.17338 0.17338 0.17338 0.17338 0.034487 0.034487 0.034487 0.034487 0.034487 0.034487 0.034487 0.034487 -0.14698 -0.14698 -0.14698 -0.14698 -0.14698 -0.14698 -0.14698 -0.14698
0.20387 0.17284 0.11548 0.040553 -0.040553 -0.11548 -0.17284 -0.20387 -0.047835 -0.040553 -0.027097 -0.0095151 0.0095151 0.027097 0.040553 0.047835 -0.24048 -0.20387 -0.13622 -0.047835 0.047835 0.13622 0.20387 0.24048 -0.13622 -0.11548 -0.077165 -0.027097 0.027097 0.077165 0.11548 0.13622 0.13622 0.11548 0.077165 0.027097 -0.027097 -0.077165 -0.11548 -0.13622 0.24048 0.20387 0.13622 0.047835 -0.047835 -0.13622 -0.20387 -0.24048 0.047835 0.040553 0.027097 0.0095151 -0.0095151 -0.027097 -0.040553 -0.047835 -0.20387 -0.17284 -0.11548 -0.040553 0.040553 0.11548 0.17284 0.20387
0.19204 0.079547 -0.079547 -0.19204 -0.19204 -0.079547 0.079547 0.19204 -0.04506 -0.018664 0.018664 0.04506 0.04506 0.018664 -0.018664 -0.04506 -0.22653 -0.093833 0.093833 0.22653 0.22653 0.093833 -0.093833 -0.22653 -0.12832 -0.053152 0.053152 0.12832 0.12832 0.053152 -0.053152 -0.12832 0.12832 0.053152 -0.053152 -0.12832 -0.12832 -0.053152 0.053152 0.12832 0.22653 0.093833 -0.093833 -0.22653 -0.22653 -0.093833 0.093833 0.22653 0.04506 0.018664 -0.018664 -0.04506 -0.04506 -0.018664 0.018664 0.04506 -0.19204 -0.079547 0.079547 0.19204 0.19204 0.079547 -0.079547 -0.19204
0.17284 -0.040553 -0.20387 -0.11548 0.11548 0.20387 0.040553 -0.17284 -0.040553 0.0095151 0.047835 0.027097 -0.027097 -0.047835 -0.0095151 0.040553 -0.20387 0.047835 0.24048 0.13622 -0.13622 -0.24048 -0.047835 0.20387 -0.11548 0.027097 0.13622 0.077165 -0.077165 -0.13622 -0.027097 0.11548 0.11548 -0.027097 -0.13622 -0.077165 0.077165 0.13622 0.027097 -0.11548 0.20387 -0.047835 -0.24048 -0.13622 0.13622 0.24048 0.047835 -0.20387 0.040553 -0.0095151 -0.047835 -0.027097 0.027097 0.047835 0.0095151 -0.040553 -0.17284 0.040553 0.20387 0.11548 -0.11548 -0.20387 -0.040553 0.17284
0.14698 -0.14698 -0.14698 0.14698 0.14698 -0.14698 -0.14698 0.14698 -0.034487 0.034487 0.034487 -0.034487 -0.034487 0.034487 0.034487 -0.034487 -0.17338 0.17338 0.17338 -0.17338 -0.17338 0.17338 0.17338 -0.17338 -0.098212 0.098212 0.098212 -0.098212 -0.098212 0.098212 0.098212 -0.098212 0.098212 -0.098212 -0.098212 0.098212 0.098212 -0.098212 -0.098212 0.098212 0.17338 -0.17338 -0.17338 0.17338 0.17338 -0.17338 -0.17338 0.17338 0.034487 -0.034487 -0.034487 0.034487 0.034487 -0.034487 -0.034487 0.034487 -0.14698 0.14698 0.14698 -0.14698 -0.14698 0.14698 0.14698 -0.14698
0.11548 -0.20387 0.040553 0.17284 -0.17284 -0.040553 0.20387 -0.11548 -0.027097 0.047835 -0.0095151 -0.040553 0.040553 0.0095151 -0.047835 0.027097 -0.13622 0.24048 -0.047835 -0.20387 0.20387 0.047835 -0.24048 0.13622 -0.077165 0.13622 -0.027097 -0.11548 0.11548 0.027097 -0.13622 0.077165 0.077165 -0.13622 0.027097 0.11548 -0.11548 -0.027097 0.13622 -0.077165 0.13622 -0.24048 0.047835 0.20387 -0.20387 -0.047835 0.24048 -0.13622 0.027097 -0.047835 0.0095151 0.040553 -0.040553 -0.0095151 0.047835 -0.027097 -0.11548 0.20387 -0.040553 -0.17284 0.17284 0.040553 -0.20387 0.11548
0.079547 -0.19204 0.19204 -0.079547 -0.079547 0.19204 -0.19204 0.079547 -0.018664 0.04506 -0.04506 0.018664 0.018664 -0.04506 0.04506 -0.018664 -0.093833 0.22653 -0.22653 0.093833 0.093833 -0.22653 0.22653 -0.093833 -0.053152 0.12832 -0.12832 0.053152 0.053152 -0.12832 0.12832 -0.053152 0.053152 -0.12832 0.12832 -0.053152 -0.053152 0.12832 -0.12832 0.053152 0.093833 -0.22653 0.22653 -0.093833 -0.093833 0.22653 -0.22653 0.093833 0.018664 -0.04506 0.04506 -0.018664 -0.018664 0.04506 -0.04506 0.018664 -0.079547 0.19204 -0.19204 0.079547 0.079547 -0.19204 0.19204 -0.079547
0.040553 -0.11548 0.17284 -0.20387 0.20387 -0.17284 0.11548 -0.040553 -0.0095151 0.027097 -0.040553 0.047835 -0.047835 0.040553 -0.027097 0.0095151 -0.047835 0.13622 -0.20387 0.24048 -0.24048 0.20387 -0.13622 0.047835 -0.027097 0.077165 -0.11548 0.13622 -0.13622 0.11548 -0.077165 0.027097 0.027097 -0.077165 0.11548 -0.13622 0.13622 -0.11548 0.077165 -0.027097 0.047835 -0.13622 0.20387 -0.24048 0.24048 -0.20387 0.13622 -0.047835 0.0095151 -0.027097 0.040553 -0.047835 0.047835 -0.040553 0.027097 -0.0095151 -0.040553 0.11548 -0.17284 0.20387 -0.20387 0.17284 -0.11548 0.040553
0.125 0.125 0.125 0.125 0.125 0.125 0.125 0.125 -0.125 -0.125 -0.125 -0.125 -0.125 -0.125 -0.125 -0.125 -0.125 -0.125 -0.125 -0.125 -0.125 -0.125 -0.125 -0.125 0.125 0.125 0.125 0.125 0.125 0.125 0.125 0.125 0.125 0.125 0.125 0.125 0.125 0.125 0.125 0.125 -0.125 -0.125 -0.125 -0.125 -0.125 -0.125 -0.125 -0.125 -0.125 -0.125 -0.125 -0.125 -0.125 -0.125 -0.125 -0.125 0.125 0.125 0.125 0.125 0.125 0.125 0.125 0.125
0.17338 0.14698 0.098212 0.034487 -0.034487 -0.098212 -0.14698 -0.17338 -0.17338 -0.14698 -0.098212 -0.034487 0.034487 0.098212 0.14698 0.17338 -0.17338 -0.14698 -0.098212 -0.034487 0.034487 0.098212 0.14698 0.17338 0.17338 0.14698 0.098212 0.034487 -0.034487 -0.098212 -0.14698 -0.17338 0.17338 0.14698 0.098212 0.034487 -0.034487 -0.098212 -0.14698 -0.17338 -0.17338 -0.14698 -0.098212 -0.034487 0.034487 0.098212 0.14698 0.17338 -0.17338 -0.14698 -0.098212 -0.034487 0.034487 0.098212 0.14698 0.17338 0.17338 0.14698 0.098212 0.034487 -0.034487 -0.098212 -0.14698 -0.17338
0.16332 0.06765 -0.06765 -0.16332 -0.16332 -0.06765 0.06765 0.16332 -0.16332 -0.06765 0.06765 0.16332 0.16332 0.06765 -0.06765 -0.16332 -0.16332 -0.06765 0.06765 0.16332 0.16332 0.06765 -0.06765 -0.16332 0.16332 0.06765 -0.06765 -0.16332 -0.16332 -0.06765 0.06765 0.16332 0.16332 0.06765 -0.06765 -0.16332 -0.16332 -0.06765 0.06765 0.16332 -0.16332 -0.06765 0.06765 0.16332 0.16332 0.06765 -0.06765 -0.16332 -0.16332 -0.06765 0.06765 0.16332 0.16332 0.06765 -0.06765 -0.16332 0.16332 0.06765 -0.06765 -0.16332 -0.16332 -0.06765 0.06765 0.16332
0.14698 -0.034487 -0.17338 -0.098212 0.098212 0.17338 0.034487 -0.14698 -0.14698 0.034487 0.17338 0.098212 -0.098212 -0.17338 -0.034487 0.14698 -0.14698 0.034487 0.17338 0.098212 -0.098212 -0.17338 -0.034487 0.14698 0.14698 -0.034487 -0.17338 -0.098212 0.098212 0.17338 0.034487 -0.14698 0.14698 -0.034487 -0.17338 -0.098212 0.098212 0.17338 0.034487 -0.14698 -0.14698 0.034487 0.17338 0.098212 -0.098212 -0.17338 -0.034487 0.14698 -0.14698 0.034487 0.17338 0.098212 -0.098212 -0.17338 -0.034487 0.14698 0.14698 -0.034487 -0.17338 -0.098212 0.098212 0.17338 0.034487 -0.14698
0.125 -0.125 -0.125 0.125 0.125 -0.125 -0.125 0.125 -0.125 0.125 0.125 -0.125 -0.125 0.125 0.125 -0.125 -0.125 0.125 0.125 -0.125 -0.125 0.125 0.125 -0.125 0.125 -0.125 -0.125 0.125 0.125 -0.125 -0.125 0.125 0.125 -0.125 -0.125 0.125 0.125 -0.125 -0.125 0.125 -0.125 0.125 0.125 -0.125 -0.125 0.125 0.125 -0.125 -0.125 0.125 0.125 -0.125 -0.125 0.125 0.125 -0.125 0.125 -0.125 -0.125 0.125 0.125 -0.125 -0.125 0.125
0.098212 -0.17338 0.034487 0.14698 -0.14698 -0.034487 0.17338 -0.098212 -0.098212 0.17338 -0.034487 -0.14698 0.14698 0.034487 -0.17338 0.098212 -0.098212 0.17338 -0.034487 -0.14698 0.14698 0.034487 -0.17338 0.098212 0.098212 -0.17338 0.034487 0.14698 -0.14698 -0.034487 0.17338 -0.098212 0.098212 -0.17338 0.034487 0.14698 -0.14698 -0.034487 0.17338 -0.098212 -0.098212 0.17338 -0.034487 -0.14698 0.14698 0.034487 -0.17338 0.098212 -0.098212 0.17338 -0.034487 -0.14698 0.14698 0.034487 -0.17338 0.098212 0.098212 -0.17338 0.034487 0.14698 -0.14698 -0.034487 0.17338 -0.098212
0.06765 -0.16332 0.16332 -0.06765 -0.06765 0.16332 -0.16332 0.06765 -0.06765 0.16332 -0.16332 0.06765 0.06765 -0.16332 0.16332 -0.06765 -0.06765 0.16332 -0.16332 0.06765 0.06765 -0.16332 0.16332 -0.06765 0.06765 -0.16332 0.16332 -0.06765 -0.06765 0.16332 -0.16332 0.06765 0.06765 -0.16332 0.16332 -0.06765 -0.06765 0.16332 -0.16332 0.06765 -0.06765 0.16332 -0.16332 0.06765 0.06765 -0.16332 0.16332 -0.06765 -0.06765 0.16332 -0.16332 0.06765 0.06765 -0.16332 0.16332 -0.06765 0.06765 -0.16332 0.16332 -0.06765 -0.06765 0.16332 -0.16332 0.06765
0.034487 -0.098212 0.14698 -0.17338 0.17338 -0.14698 0.098212 -0.034487 -0.034487 0.098212 -0.14698 0.17338 -0.17338 0.14698 -0.098212 0.034487 -0.034487 0.098212 -0.14698 0.17338 -0.17338 0.14698 -0.098212 0.034487 0.034487 -0.098212 0.14698 -0.17338 0.17338 -0.14698 0.098212 -0.034487 0.034487 -0.098212 0.14698 -0.17338 0.17338 -0.14698 0.098212 -0.034487 -0.034487 0.098212 -0.14698 0.17338 -0.17338 0.14698 -0.098212 0.034487 -0.034487 0.098212 -0.14698 0.17338 -0.17338 0.14698 -0.098212 0.034487 0.034487 -0.098212 0.14698 -0.17338 0.17338 -0.14698 0.098212 -0.034487
0.098212 0.098212 0.098212 0.098212 0.098212 0.098212 0.098212 0.098212 -0.17338 -0.17338 -0.17338 -0.17338 -0.17338 -0.17338 -0.17338 -0.17338 0.034487 0.034487 0.034487 0.034487 0.034487 0.034487 0.034487 0.034487 0.14698 0.14698 0.14698 0.14698 0.14698 0.14698 0.14698 0.14698 -0.14698 -0.14698 -0.14698 -0.14698 -0.14698 -0.14698 -0.14698 -0.14698 -0.034487 -0.034487 -0.034487 -0.034487 -0.034487 -0.034487 -0.034487 -0.034487 0.17338 0.17338 0.17338 0.17338 0.17338 0.17338 0.17338 0.17338 -0.098212 -0.098212 -0.098212 -0.098212 -0.098212 -0.098212 -0.098212 -0.098212
0.13622 0.11548 0.077165 0.027097 -0.027097 -0.077165 -0.11548 -0.13622 -0.24048 -0.20387 -0.13622 -0.047835 0.047835 0.13622 0.20387 0.24048 0.047835 0.040553 0.027097 0.0095151 -0.0095151 -0.027097 -0.040553 -0.047835 0.20387 0.17284 0.11548 0.040553 -0.040553 -0.11548 -0.17284 -0.20387 -0.20387 -0.17284 -0.11548 -0.040553 0.040553 0.11548 0.17284 0.20387 -0.047835 -0.040553 -0.027097 -0.0095151 0.0095151 0.027097 0.040553 0.047835 0.24048 0.20387 0.13622 0.047835 -0.047835 -0.13622 -0.20387 -0.24048 -0.13622 -0.11548 -0.077165 -0.027097 0.027097 0.077165 0.11548 0.13622
0.12832 0.053152 -0.053152 -0.12832 -0.12832 -0.053152 0.053152 0.12832 -0.22653 -0.093833 0.093833 0.22653 0.22653 0.093833 -0.093833 -0.22653 0.04506 0.018664 -0.018664 -0.04506 -0.04506 -0.018664 0.018664 0.04506 0.19204 0.079547 -0.079547 -0.19204 -0.19204 -0.079547 0.079547 0.19204 -0.19204 -0.079547 0.079547 0.19204 0.19204 0.079547 -0.079547 -0.19204 -0.04506 -0.018664 0.018664 0.04506 0.04506 0.018664 -0.018664 -0.04506 0.22653 0.093833 -0.093833 -0.22653 -0.22653 -0.093833 0.093833 0.22653 -0.12832 -0.053152 0.053152 0.12832 0.12832 0.053152 -0.053152 -0.12832
0.11548 -0.027097 -0.13622 -0.077165 0.077165 0.13622 0.027097 -0.11548 -0.20387 0.047835 0.24048 0.13622 -0.13622 -0.24048 -0.047835 0.20387 0.040553 -0.0095151 -0.047835 -0.027097 0.027097 0.047835 0.0095151 -0.040553 0.17284 -0.040553 -0.20387 -0.11548 0.11548 0.20387 0.040553 -0.17284 -0.17284 0.040553 0.20387 0.11548 -0.11548 -0.20387 -0.040553 0.17284 -0.040553 0.0095151 0.047835 0.027097 -0.027097 -0.047835 -0.0095151 0.040553 0.20387 -0.047835 -0.24048 -0.13622 0.13622 0.24048 0.047835 -0.20387 -0.11548 0.027097 0.13622 0.077165 -0.077165 -0.13622 -0.027097 0.11548
0.098212 -0.098212 -0.098212 0.098212 0.098212 -0.098212 -0.098212 0.098212 -0.17338 0.17338 0.17338 -0.17338 -0.17338 0.17338 0.17338 -0.17338 0.034487 -0.034487 -0.034487 0.034487 0.034487 -0.034487 -0.034487 0.034487 0.14698 -0.14698 -0.14698 0.14698 0.14698 -0.14698 -0.14698 0.14698 -0.14698 0.14698 0.14698 -0.14698 -0.14698 0.14698 0.14698 -0.14698 -0.034487 0.034487 0.034487 -0.034487 -0.034487 0.034487 0.034487 -0.034487 0.17338 -0.17338 -0.17338 0.17338 0.17338 -0.17338 -0.17338 0.17338 -0.098212 0.098212 0.098212 -0.098212 -0.098212 0.098212 0.098212 -0.098212
0.077165 -0.13622 0.027097 0.11548 -0.11548 -0.027097 0.13622 -0.077165 -0.13622 0.24048 -0.047835 -0.20387 0.20387 0.047835 -0.24048 0.13622 0.027097 -0.047835 0.0095151 0.040553 -0.040553 -0.0095151 0.047835 -0.027097 0.11548 -0.20387 0.040553 0.17284 -0.17284 -0.040553 0.20387 -0.11548 -0.11548 0.20387 -0.040553 -0.17284 0.17284 0.040553 -0.20387 0.11548 -0.027097 0.047835 -0.0095151 -0.040553 0.040553 0.0095151 -0.047835 0.027097 0.13622 -0.24048 0.047835 0.20387 -0.20387 -0.047835 0.24048 -0.13622 -0.077165 0.13622 -0.027097 -0.11548 0.11548 0.027097 -0.13622 0.077165
0.053152 -0.12832 0.12832 -0.053152 -0.053152 0.12832 -0.12832 0.053152 -0.093833 0.22653 -0.22653 0.093833 0.093833 -0.22653 0.22653 -0.093833 0.018664 -0.04506 0.04506 -0.018664 -0.018664 0.04506 -0.04506 0.018664 0.079547 -0.19204 0.19204 -0.079547 -0.079547 0.19204 -0.19204 0.079547 -0.079547 0.19204 -0.19204 0.079547 0.079547 -0.19204 0.19204 -0.079547 -0.018664 0.04506 -0.04506 0.018664 0.018664 -0.04506 0.04506 -0.018664 0.093833 -0.22653 0.22653 -0.093833 -0.093833 0.22653 -0.22653 0.093833 -0.053152 0.12832 -0.12832 0.053152 0.053152 -0.12832 0.12832 -0.053152
0.027097 -0.077165 0.11548 -0.13622 0.13622 -0.11548 0.077165 -0.027097 -0.047835 0.13622 -0.20387 0.24048 -0.24048 0.20387 -0.13622 0.047835 0.0095151 -0.027097 0.040553 -0.047835 0.047835 -0.040553 0.027097 -0.0095151 0.040553 -0.11548 0.17284 -0.20387 0.20387 -0.17284 0.11548 -0.040553 -0.040553 0.11548 -0.17284 0.20387 -0.20387 0.17284 -0.11548 0.040553 -0.0095151 0.027097 -0.040553 0.047835 -0.047835 0.040553 -0.027097 0.0095151 0.047835 -0.13622 0.20387 -0.24048 0.24048 -0.20387 0.13622 -0.047835 -0.027097 0.077165 -0.11548 0.13622 -0.13622 0.11548 -0.077165 0.027097
0.06765 0.06765 0.06765 0.06765 0.06765 0.06765 0.06765 0.06765 -0.16332 -0.16332 -0.16332 -0.16332 -0.16332 -0.16332 -0.16332 -0.16332 0.16332 0.16332 0.16332 0.16332 0.16332 0.16332 0.16332 0.16332 -0.06765 -0.06765 -0.06765 -0.06765 -0.06765 -0.06765 -0.06765 -0.06765 -0.06765 -0.06765 -0.06765 -0.06765 -0.06765 -0.06765 -0.06765 -0.06765 0.16332 0.16332 0.16332 0.16332 0.16332 0.16332 0.16332 0.16332 -0.16332 -0.16332 -0.16332 -0.16332 -0.16332 -0.16332 -0.16332 -0.16332 0.06765 0.06765 0.06765 0.06765 0.06765 0.06765 0.06765 0.06765
0.093833 0.079547 0.053152 0.018664 -0.018664 -0.053152 -0.079547 -0.093833 -0.22653 -0.19204 -0.12832 -0.04506 0.04506 0.12832 0.19204 0.22653 0.22653 0.19204 0.12832 0.04506 -0.04506 -0.12832 -0.19204 -0.22653 -0.093833 -0.079547 -0.053152 -0.018664 0.018664 0.053152 0.079547 0.093833 -0.093833 -0.079547 -0.053152 -0.018664 0.018664 0.053152 0.079547 0.093833 0.22653 0.19204 0.12832 0.04506 -0.04506 -0.12832 -0.19204 -0.22653 -0.22653 -0.19204 -0.12832 -0.04506 0.04506 0.12832 0.19204 0.22653 0.093833 0.079547 0.053152 0.018664 -0.018664 -0.053152 -0.079547 -0.093833
0.088388 0.036612 -0.036612 -0.088388 -0.088388 -0.036612 0.036612 0.088388 -0.21339 -0.088388 0.088388 0.21339 0.21339 0.088388 -0.088388 -0.21339 0.21339 0.088388 -0.088388 -0.21339 -0.21339 -0.088388 0.088388 0.21339 -0.088388 -0.036612 0.036612 0.088388 0.088388 0.036612 -0.036612 -0.088388 -0.088388 -0.036612 0.036612 0.088388 0.088388 0.036612 -0.036612 -0.088388 0.21339 0.088388 -0.088388 -0.21339 -0.21339 -0.088388 0.088388 0.21339 -0.21339 -0.088388 0.088388 0.21339 0.21339 0.088388 -0.088388 -0.21339 0.088388 0.036612 -0.036612 -0.088388 -0.088388 -0.036612 0.036612 0.088388
0.079547 -0.018664 -0.093833 -0.053152 0.053152 0.093833 0.018664 -0.079547 -0.19204 0.04506 0.22653 0.12832 -0.12832 -0.22653 -0.04506 0.19204 0.19204 -0.04506 -0.22653 -0.12832 0.12832 0.22653 0.04506 -0.19204 -0.079547 0.018664 0.093833 0.053152 -0.053152 -0.093833 -0.018664 0.079547 -0.079547 0.018664 0.093833 0.053152 -0.053152 -0.093833 -0.018664 0.079547 0.19204 -0.04506 -0.22653 -0.12832 0.12832 0.22653 0.04506 -0.19204 -0.19204 0.04506 0.22653 0.12832 -0.12832 -0.22653 -0.04506 0.19204 0.079547 -0.018664 -0.093833 -0.053152 0.053152 0.093833 0.018664 -0.079547
0.06765 -0.06765 -0.06765 0.06765 0.06765 -0.06765 -0.06765 0.06765 -0.16332 0.16332 0.16332 -0.16332 -0.16332 0.16332 0.16332 -0.16332 0.16332 -0.16332 -0.16332 0.16332 0.16332 -0.16332 -0.16332 0.16332 -0.06765 0.06765 0.06765 -0.06765 -0.06765 0.06765 0.06765 -0.06765 -0.06765 0.06765 0.06765 -0.06765 -0.06765 0.06765 0.06765 -0.06765 0.16332 -0.16332 -0.16332 0.16332 0.16332 -0.16332 -0.16332 0.16332 -0.16332 0.16332 0.16332 -0.16332 -0.16332 0.16332 0.16332 -0.16332 0.06765 -0.06765 -0.06765 0.06765 0.06765 -0.06765 -0.06765 0.06765
0.053152 -0.093833 0.018664 0.079547 -0.079547 -0.018664 0.093833 -0.053152 -0.12832 0.22653 -0.04506 -0.19204 0.19204 0.04506 -0.22653 0.12832 0.12832 -0.22653 0.04506 0.19204 -0.19204 -0.04506 0.22653 -0.12832 -0.053152 0.093833 -0.018664 -0.079547 0.079547 0.018664 -0.093833 0.053152 -0.053152 0.093833 -0.018664 -0.079547 0.079547 0.018664 -0.093833 0.053152 0.12832 -0.22653 0.04506 0.19204 -0.19204 -0.04506 0.22653 -0.12832 -0.12832 0.22653 -0.04506 -0.19204 0.19204 0.04506 -0.22653 0.12832 0.053152 -0.093833 0.018664 0.079547 -0.079547 -0.018664 0.093833 -0.053152
0.036612 -0.088388 0.088388 -0.036612 -0.036612 0.088388 -0.088388 0.036612 -0.088388 0.21339 -0.21339 0.088388 0.088388 -0.21339 0.21339 -0.088388 0.088388 -0.21339 0.21339 -0.088388 -0.088388 0.21339 -0.21339 0.088388 -0.036612 0.088388 -0.088388 0.036612 0.036612 -0.088388 0.088388 -0.036612 -0.036612 0.088388 -0.088388 0.036612 0.036612 -0.088388 0.088388 -0.036612 0.088388 -0.21339 0.21339 -0.088388 -0.088388 0.21339 -0.21339 0.088388 -0.088388 0.21339 -0.21339 0.088388 0.088388 -0.21339 0.21339 -0.088388 0.036612 -0.088388 0.088388 -0.036612 -0.036612 0.088388 -0.088388 0.036612
0.018664 -0.053152 0.079547 -0.093833 0.093833 -0.079547 0.053152 -0.018664 -0.04506 0.12832 -0.19204 0.22653 -0.22653 0.19204 -0.12832 0.04506 0.04506 -0.12832 0.19204 -0.22653 0.22653 -0.19204 0.12832 -0.04506 -0.018664 0.053152 -0.079547 0.093833 -0.093833 0.079547 -0.053152 0.018664 -0.018664 0.053152 -0.079547 0.093833 -0.093833 0.079547 -0.053152 0.018664 0.04506 -0.12832 0.19204 -0.22653 0.22653 -0.19204 0.12832 -0.04506 -0.04506 0.12832 -0.19204 0.22653 -0.22653 0.19204 -0.12832 0.04506 0.018664 -0.053152 0.079547 -0.093833 0.093833 -0.079547 0.053152 -0.018664
0.034487 0.034487 0.034487 0.034487 0.034487 0.034487 0.034487 0.034487 -0.098212 -0.098212 -0.098212 -0.098212 -0.098212 -0.098212 -0.098212 -0.098212 0.14698 0.14698 0.14698 0.14698 0.14698 0.14698 0.14698 0.14698 -0.17338 -0.17338 -0.17338 -0.17338 -0.17338 -0.17338 -0.17338 -0.17338 0.17338 0.17338 0.17338 0.17338 0.17338 0.17338 0.17338 0.17338 -0.14698 -0.14698 -0.14698 -0.14698 -0.14698 -0.14698 -0.14698 -0.14698 0.098212 0.098212 0.098212 0.098212 0.098212 0.098212 0.098212 0.098212 -0.034487 -0.034487 -0.034487 -0.034487 -0.034487 -0.034487 -0.034487 -0.034487
0.047835 0.040553 0.027097 0.0095151 -0.0095151 -0.027097 -0.040553 -0.047835 -0.13622 -0.11548 -0.077165 -0.027097 0.027097 0.077165 0.11548 0.13622 0.20387 0.17284 0.11548 0.040553 -0.040553 -0.11548 -0.17284 -0.20387 -0.24048 -0.20387 -0.13622 -0.047835 0.047835 0.13622 0.20387 0.24048 0.24048 0.20387 0.13622 0.047835 -0.047835 -0.13622 -0.20387 -0.24048 -0.20387 -0.17284 -0.11548 -0.040553 0.040553 0.11548 0.17284 0.20387 0.13622 0.11548 0.077165 0.027097 -0.027097 -0.077165 -0.11548 -0.13622 -0.047835 -0.040553 -0.027097 -0.0095151 0.0095151 0.027097 0.040553 0.047835
0.04506 0.018664 -0.018664 -0.04506 -0.04506 -0.018664 0.018664 0.04506 -0.12832 -0.053152 0.053152 0.12832 0.12832 0.053152 -0.053152 -0.12832 0.19204 0.079547 -0.079547 -0.19204 -0.19204 -0.079547 0.079547 0.19204 -0.22653 -0.093833 0.093833 0.22653 0.22653 0.093833 -0.093833 -0.22653 0.22653 0.093833 -0.093833 -0.22653 -0.22653 -0.093833 0.093833 0.22653 -0.19204 -0.079547 0.079547 0.19204 0.19204 0.079547 -0.079547 -0.19204 0.12832 0.053152 -0.053152 -0.12832 -0.12832 -0.053152 0.053152 0.12832 -0.04506 -0.018664 0.018664 0.04506 0.04506 0.018664 -0.018664 -0.04506
0.040553 -0.0095151 -0.047835 -0.027097 0.027097 0.047835 0.0095151 -0.040553 -0.11548 0.027097 0.13622 0.077165 -0.077165 -0.13622 -0.027097 0.11548 0.17284 -0.040553 -0.20387 -0.11548 0.11548 0.20387 0.040553 -0.17284 -0.20387 0.047835 0.24048 0.13622 -0.13622 -0.24048 -0.047835 0.20387 0.20387 -0.047835 -0.24048 -0.13622 0.13622 0.24048 0.047835 -0.20387 -0.17284 0.040553 0.20387 0.11548 -0.11548 -0.20387 -0.040553 0.17284 0.11548 -0.027097 -0.13622 -0.077165 0.077165 0.13622 0.027097 -0.11548 -0.040553 0.0095151 0.047835 0.027097 -0.027097 -0.047835 -0.0095151 0.040553
0.034487 -0.034487 -0.034487 0.034487 0.034487 -0.034487 -0.034487 0.034487 -0.098212 0.098212 0.098212 -0.098212 -0.098212 0.098212 0.098212 -0.098212 0.14698 -0.14698 -0.14698 0.14698 0.14698 -0.14698 -0.14698 0.14698 -0.17338 0.17338 0.17338 -0.17338 -0.17338 0.17338 0.17338 -0.17338 0.17338 -0.17338 -0.17338 0.17338 0.17338 -0.17338 -0.17338 0.17338 -0.14698 0.14698 0.14698 -0.14698 -0.14698 0.14698 0.14698 -0.14698 0.098212 -0.098212 -0.098212 0.098212 0.098212 -0.098212 -0.098212 0.098212 -0.034487 0.034487 0.034487 -0.034487 -0.034487 0.034487 0.034487 -0.034487
0.027097 -0.047835 0.0095151 0.040553 -0.040553 -0.0095151 0.047835 -0.027097 -0.077165 0.13622 -0.027097 -0.11548 0.11548 0.027097 -0.13622 0.077165 0.11548 -0.20387 0.040553 0.17284 -0.17284 -0.040553 0.20387 -0.11548 -0.13622 0.24048 -0.047835 -0.20387 0.20387 0.047835 -0.24048 0.13622 0.13622 -0.24048 0.047835 0.20387 -0.20387 -0.047835 0.24048 -0.13622 -0.11548 0.20387 -0.040553 -0.17284 0.17284 0.040553 -0.20387 0.11548 0.077165 -0.13622 0.027097 0.11548 -0.11548 -0.027097 0.13622 -0.077165 -0.027097 0.047835 -0.0095151 -0.040553 0.040553 0.0095151 -0.047835 0.027097
0.018664 -0.04506 0.04506 -0.018664 -0.018664 0.04506 -0.04506 0.018664 -0.053152 0.12832 -0.12832 0.053152 0.053152 -0.12832 0.12832 -0.053152 0.079547 -0.19204 0.19204 -0.079547 -0.079547 0.19204 -0.19204 0.079547 -0.093833 0.22653 -0.22653 0.093833 0.093833 -0.22653 0.22653 -0.093833 0.093833 -0.22653 0.22653 -0.093833 -0.093833 0.22653 -0.22653 0.093833 -0.079547 0.19204 -0.19204 0.079547 0.079547 -0.19204 0.19204 -0.079547 0.053152 -0.12832 0.12832 -0.053152 -0.053152 0.12832 -0.12832 0.053152 -0.018664 0.04506 -0.04506 0.018664 0.018664 -0.04506 0.04506 -0.018664
0.0095151 -0.027097 0.040553 -0.047835 0.047835 -0.040553 0.027097 -0.0095151 -0.027097 0.077165 -0.11548 0.13622 -0.13622 0.11548 -0.077165 0.027097 0.040553 -0.11548 0.17284 -0.20387 0.20387 -0.17284 0.11548 -0.040553 -0.047835 0.13622 -0.20387 0.24048 -0.24048 0.20387 -0.13622 0.047835 0.047835 -0.13622 0.20387 -0.24048 0.24048 -0.20387 0.13622 -0.047835 -0.040553 0.11548 -0.17284 0.20387 -0.20387 0.17284 -0.11548 0.040553 0.027097 -0.077165 0.11548 -0.13622 0.13622 -0.11548 0.077165 -0.027097 -0.0095151 0.027097 -0.040553 0.047835 -0.047835 0.040553 -0.027097 0.0095151
